10 111101
32 110
33 10111001111
34 1011101
38 0110110001001001
39 111100101
40 0110110001001000
41 01101101001011101
44 011001
45 101110000
46 1111100
47 011011010010111000
48 1011100110010
49 0110110100110
50 01101101001111
51 011011010010110
52 101110011000111
53 011011010011100
54 011011000100110
55 011011010011101
56 10111001100010
57 011011000100101
58 0110110100100
59 111100111110
63 1111001001
65 1111001101
66 0110110011
67 10111001101
68 01101100011
69 01101101000
70 111100111101
71 101110001011
72 101110010
73 0110001
74 011011000101
75 1011100110000
76 10111000100
77 1111001000
78 10111000110
79 10111000111
80 111100111100
81 101110011000110
82 111100111111
83 1111001110
84 011011011
85 0110110001000
86 1011100110011
87 1111001100
88 0110110100101111
89 0110110010
90 011011010010111001
97 1000
98 1111000
99 101111
100 10110
101 001
102 100110
103 011010
104 0100
105 0000
106 10111001110
107 0110000
108 10010
109 111001
110 0101
111 0111
112 1111101
113 0110110000
114 11101
115 0001
116 1010
117 111111
118 0110111
119 111000
120 0110110101
121 100111
122 101110001010
